<?xml version="1.0" encoding="utf-8"?>
<COLLADA xmlns="http://www.collada.org/2005/11/COLLADASchema" version="1.4.1">
<asset>
	<contributor>
		<author> Anonymous </author>
		<authoring_tool> Collada Exporter for Blender 2.6+, by Juan Linietsky (juan@codenix.com) </authoring_tool>
	</contributor>
	<created>2016-06-26T17:38:55Z     </created>
	<modified>2016-06-26T17:38:55Z</modified>
	<unit meter="1.0" name="meter"/>
	<up_axis>Z_UP</up_axis>
</asset>
<library_images>
</library_images>
<library_effects>
</library_effects>
<library_materials>
</library_materials>
<library_geometries>
</library_geometries>
<library_controllers>
</library_controllers>
<library_cameras>
</library_cameras>
<library_lights>
</library_lights>
<library_visual_scenes>
	<visual_scene id="id-scene-1" name="scene">
		<node id="character_rig" name="character_rig" type="NODE">
			<matrix sid="transform"> 1.0 0.0 0.0 0.0 0.0 1.0 0.0 0.0 0.0 0.0 1.0 0.0 0.0 0.0 0.0 1.0  </matrix>
			<node id="id-bone-3" sid="id-skelbones-2-0" name="Root" type="JOINT">
				<matrix sid="transform"> -1.0 0.0 -1.5099580252808664e-07 0.0 -1.5099580252808664e-07 0.0 1.0 0.0 0.0 1.0 0.0 -0.20000000298023224 0.0 0.0 0.0 1.0  </matrix>
				<node id="id-bone-4" sid="id-skelbones-2-1" name="IK_hand.L" type="JOINT">
					<matrix sid="transform"> 0.008113784715533257 0.8396825790405273 0.5430167317390442 0.6421229243278503 0.03478819504380226 -0.5429429411888123 0.8390486240386963 1.349543571472168 0.9993616938591003 0.012082825414836407 -0.03361637517809868 -0.0684063509106636 0.0 0.0 0.0 1.0  </matrix>
					<node id="id-bone-5" sid="id-skelbones-2-2" name="Elbow.L" type="JOINT">
						<matrix sid="transform"> 0.006659897044301033 -0.9993447065353394 0.03557760640978813 -0.2299507111310959 0.8396360278129578 -0.013734904117882252 -0.5429757833480835 -0.3020462095737457 0.5431087613105774 0.03348839655518532 0.8389942646026611 0.011893413960933685 0.0 0.0 0.0 1.0  </matrix>
					</node>
				</node>
				<node id="id-bone-6" sid="id-skelbones-2-3" name="IK_hand.R" type="JOINT">
					<matrix sid="transform"> 0.008113988675177097 -0.8396826982498169 -0.5430167317390442 -0.6421229243278503 -0.03478812053799629 -0.5429429411888123 0.8390486240386963 1.349543571472168 -0.9993616342544556 0.012082631699740887 -0.03361637517809868 -0.06840642541646957 0.0 0.0 0.0 1.0  </matrix>
					<node id="id-bone-7" sid="id-skelbones-2-4" name="Elbow.R" type="JOINT">
						<matrix sid="transform"> 0.006656607147306204 0.9993447661399841 -0.03557806834578514 0.22995080053806305 -0.839690625667572 -0.01373451016843319 -0.5428913235664368 -0.3020460903644562 -0.5430241823196411 0.033488400280475616 0.8390490412712097 0.011893273331224918 0.0 0.0 0.0 1.0  </matrix>
					</node>
				</node>
				<node id="id-bone-8" sid="id-skelbones-2-5" name="foot_main.L" type="JOINT">
					<matrix sid="transform"> 1.0 0.0 -8.742277657347586e-08 0.10905010998249054 0.0 -1.0 0.0 0.24586544930934906 -8.742277657347586e-08 0.0 -1.0 -0.04304518923163414 0.0 0.0 0.0 1.0  </matrix>
					<node id="id-bone-9" sid="id-skelbones-2-6" name="IK_foot.L" type="JOINT">
						<matrix sid="transform"> 0.9999894499778748 0.0008626059861853719 0.004502113442867994 2.8121958095539412e-09 -0.004577034618705511 0.24203349649906158 0.9702571034431458 0.0 -0.00025271251797676086 -0.9702675342559814 0.2420348823070526 7.746159269572672e-11 0.0 0.0 0.0 1.0  </matrix>
						<node id="id-bone-10" sid="id-skelbones-2-7" name="Knee.L" type="JOINT">
							<matrix sid="transform"> 0.006239769048988819 0.001143038272857666 -0.9999799132347107 -0.002721813740208745 0.24099063873291016 0.9705239534378052 0.0026131276972591877 0.39086923003196716 0.9705073833465576 -0.24100205302238464 0.005780384410172701 -0.5921941995620728 0.0 0.0 0.0 1.0  </matrix>
						</node>
					</node>
				</node>
				<node id="id-bone-11" sid="id-skelbones-2-8" name="foot_main.R" type="JOINT">
					<matrix sid="transform"> 1.0 0.0 -8.742277657347586e-08 -0.10905010998249054 0.0 -1.0 0.0 0.24586544930934906 -8.742277657347586e-08 0.0 -1.0 -0.04304519668221474 0.0 0.0 0.0 1.0  </matrix>
					<node id="id-bone-12" sid="id-skelbones-2-9" name="IK_foot.R" type="JOINT">
						<matrix sid="transform"> 0.9999894499778748 -0.0008628342184238136 -0.004502027295529842 2.812190480483423e-09 0.004577006679028273 0.24203352630138397 0.9702571034431458 0.0 0.00025247043231502175 -0.9702675342559814 0.2420348823070526 -7.745803998204792e-11 0.0 0.0 0.0 1.0  </matrix>
						<node id="id-bone-13" sid="id-skelbones-2-10" name="Knee.R" type="JOINT">
							<matrix sid="transform"> 0.006239780690521002 -0.001143127796240151 0.9999799132347107 0.002721813041716814 -0.24099068343639374 0.9705239534378052 0.002613246440887451 0.390869140625 -0.9705072641372681 -0.2410021722316742 0.005780368112027645 -0.592194139957428 0.0 0.0 0.0 1.0  </matrix>
						</node>
					</node>
				</node>
				<node id="id-bone-14" sid="id-skelbones-2-11" name="hips_main" type="JOINT">
					<matrix sid="transform"> -1.0 5.018475635054642e-10 2.4103400164676714e-08 -6.368035543324879e-10 -6.872313829120458e-10 -0.9999690651893616 -0.007939456962049007 1.2562944889068604 2.3664242121412826e-08 -0.007894035428762436 1.0028456449508667 0.010016883723437786 0.0 0.0 0.0 1.0  </matrix>
					<node id="id-bone-15" sid="id-skelbones-2-12" name="Hips" type="JOINT">
						<matrix sid="transform"> -1.0 4.6074255521944e-15 2.3344872701613895e-08 -9.71445146547012e-17 -4.551914400963142e-15 -0.9999999403953552 9.313224635931761e-10 0.15303665399551392 2.334488158339809e-08 1.196959198423997e-16 0.9999999403953552 -5.820764981123716e-10 0.0 0.0 0.0 1.0  </matrix>
						<node id="id-bone-16" sid="id-skelbones-2-13" name="Spine" type="JOINT">
							<matrix sid="transform"> 1.0 6.676554309414939e-10 -3.0296004638330487e-07 -6.938893903907228e-17 2.4677673238215903e-09 0.9999464154243469 0.010349174030125141 0.1530366837978363 3.0295075248432113e-07 -0.010349174961447716 0.9999464154243469 1.7462299384263247e-09 0.0 0.0 0.0 1.0  </matrix>
							<node id="id-bone-17" sid="id-skelbones-2-14" name="Spine1" type="JOINT">
								<matrix sid="transform"> 1.0 -2.3502478185832842e-08 -1.1159276169792065e-08 -5.551115123125783e-17 2.4487937011485883e-08 0.9951308369636536 0.09856311976909637 0.11860930919647217 8.788460625908101e-09 -0.09856311976909637 0.9951308965682983 1.3969837509009153e-09 0.0 0.0 0.0 1.0  </matrix>
								<node id="id-bone-18" sid="id-skelbones-2-15" name="Spine2" type="JOINT">
									<matrix sid="transform"> 1.0 -2.709888846652575e-08 2.8876198143734655e-07 5.551115123125783e-16 -3.8932368440214304e-09 0.9942814707756042 0.10679090023040771 0.11921840161085129 -2.9000460699535324e-07 -0.10679090768098831 0.9942814707756042 1.5599653124809265e-08 0.0 0.0 0.0 1.0  </matrix>
									<node id="id-bone-19" sid="id-skelbones-2-16" name="Neck" type="JOINT">
										<matrix sid="transform"> 1.0 -2.9406502122242273e-08 -4.6336464265550603e-07 4.440892098500626e-16 -3.1825274504626577e-07 0.6832432746887207 -0.7301906943321228 0.25155365467071533 3.3806313126660825e-07 0.7301906943321228 0.6832433342933655 -1.862645149230957e-08 0.0 0.0 0.0 1.0  </matrix>
										<node id="id-bone-20" sid="id-skelbones-2-17" name="Head" type="JOINT">
											<matrix sid="transform"> 1.0 -2.4996276692945685e-07 6.559590701726847e-07 -3.175237850427948e-14 -1.7138698638063943e-07 0.8192347884178162 0.5734583139419556 0.06719810515642166 -6.807277372899989e-07 -0.5734583139419556 0.8192347884178162 -9.499490261077881e-08 0.0 0.0 0.0 1.0  </matrix>
											<node id="id-bone-21" sid="id-skelbones-2-18" name="Eye" type="JOINT">
												<matrix sid="transform"> 1.0 -3.0044279242247285e-07 8.801670503544301e-08 -3.5531382280851176e-08 8.724850175667598e-08 -0.002555977087467909 -0.9999967217445374 0.09345173835754395 3.00666727071075e-07 0.9999966621398926 -0.0025559663772583008 0.11867113411426544 0.0 0.0 0.0 1.0  </matrix>
											</node>
										</node>
									</node>
									<node id="id-bone-22" sid="id-skelbones-2-19" name="Shoulders" type="JOINT">
										<matrix sid="transform"> -1.0 -3.8006710667559673e-08 1.0412427542405567e-07 -9.864253858182792e-11 1.0973052155804908e-07 -0.2066287398338318 0.978419303894043 0.18542367219924927 -1.5671409059336838e-08 0.9784192442893982 0.20662887394428253 0.01991165243089199 0.0 0.0 0.0 1.0  </matrix>
										<node id="id-bone-23" sid="id-skelbones-2-20" name="Shoulder.L" type="JOINT">
											<matrix sid="transform"> -0.49736467003822327 -0.8582231402397156 -0.1268121600151062 -0.031952112913131714 0.8672866225242615 -0.4954204857349396 -0.0487058088183403 0.04874511808156967 -0.0210249125957489 -0.13420704007148743 0.9907302260398865 0.0003622789809014648 0.0 0.0 0.0 1.0  </matrix>
											<node id="id-bone-24" sid="id-skelbones-2-21" name="UpperArm.L" type="JOINT">
												<matrix sid="transform"> -0.26431500911712646 0.410234272480011 0.872837483882904 5.587935447692871e-09 -0.3896675407886505 0.7824381589889526 -0.48574668169021606 0.19496957957744598 -0.882211446762085 -0.46850651502609253 -0.04695513844490051 1.0710209608078003e-08 0.0 0.0 0.0 1.0  </matrix>
												<node id="id-bone-25" sid="id-skelbones-2-22" name="ForeArm.L" type="JOINT">
													<matrix sid="transform"> 0.9994916915893555 -0.026594270020723343 -0.017583690583705902 4.968023858964443e-08 0.026250256225466728 0.9994649291038513 -0.019509147852659225 0.23714374005794525 0.018093112856149673 0.019037654623389244 0.99965500831604 -3.4924596548080444e-10 0.0 0.0 0.0 1.0  </matrix>
													<node id="id-bone-26" sid="id-skelbones-2-23" name="Hand.L" type="JOINT">
														<matrix sid="transform"> -0.008871538564562798 -0.01528462115675211 -0.9998437762260437 -7.508788257837296e-08 -0.0026909238658845425 0.9998795986175537 -0.015261225402355194 0.2999055087566376 0.9999569058418274 0.0025551137514412403 -0.008911602199077606 -3.725290298461914e-09 0.0 0.0 0.0 1.0  </matrix>
														<node id="id-bone-27" sid="id-skelbones-2-24" name="palm.01.L" type="JOINT">
															<matrix sid="transform"> 0.9994277954101562 -0.011735455133020878 0.03172428905963898 0.024633312597870827 0.011063902638852596 0.9997128248214722 0.021261712536215782 0.08166678994894028 -0.03196469694375992 -0.02089858427643776 0.9992706179618835 0.0014485068386420608 0.0 0.0 0.0 1.0  </matrix>
															<node id="id-bone-28" sid="id-skelbones-2-25" name="finger_index.01.L" type="JOINT">
																<matrix sid="transform"> 0.9996721148490906 0.00462365010753274 0.025187017396092415 3.637978807091713e-11 -0.0039848508313298225 0.9996705055236816 -0.025353651493787766 0.02517358958721161 -0.02529594674706459 0.02524491585791111 0.9993612170219421 -9.044015314429998e-08 0.0 0.0 0.0 1.0  </matrix>
																<node id="id-bone-29" sid="id-skelbones-2-26" name="finger_index.02.L" type="JOINT">
																	<matrix sid="transform"> 0.9995896220207214 -0.017807912081480026 -0.022440269589424133 3.725290298461914e-09 0.01830776035785675 0.9995844960212708 0.022269336506724358 0.024036651477217674 0.02203436940908432 -0.02267099916934967 0.9995002150535583 -1.3934914022684097e-07 0.0 0.0 0.0 1.0  </matrix>
																</node>
															</node>
														</node>
														<node id="id-bone-30" sid="id-skelbones-2-27" name="thumb.01.L" type="JOINT">
															<matrix sid="transform"> 0.913925051689148 0.3406166732311249 0.2207292765378952 0.021757816895842552 -0.3833116888999939 0.9031392335891724 0.193421870470047 0.011534568853676319 -0.13346648216247559 -0.26138123869895935 0.9559637308120728 -0.012656712904572487 0.0 0.0 0.0 1.0  </matrix>
															<node id="id-bone-31" sid="id-skelbones-2-28" name="thumb.02.L" type="JOINT">
																<matrix sid="transform"> 0.9388901591300964 -0.31750014424324036 -0.13296212255954742 9.313225746154785e-09 0.2924535870552063 0.939504861831665 -0.17832964658737183 0.05112612247467041 0.18153822422027588 0.12854674458503723 0.9749459624290466 1.7229467630386353e-08 0.0 0.0 0.0 1.0  </matrix>
																<node id="id-bone-32" sid="id-skelbones-2-29" name="thumb.03.L" type="JOINT">
																	<matrix sid="transform"> 0.9993380904197693 0.035731762647628784 -0.006821565330028534 0.0 -0.036021098494529724 0.9981740117073059 -0.048485323786735535 0.024547500535845757 0.005076645873486996 0.04869895055890083 0.9988004565238953 -9.749282980919816e-08 0.0 0.0 0.0 1.0  </matrix>
																</node>
															</node>
														</node>
														<node id="id-bone-33" sid="id-skelbones-2-30" name="palm.02.L" type="JOINT">
															<matrix sid="transform"> 0.9991158843040466 -0.023969341069459915 0.03454121574759483 0.007234873715788126 0.023339513689279556 0.9995561242103577 0.018523380160331726 0.0815744623541832 -0.03496987372636795 -0.017700884491205215 0.9992315769195557 0.002033393830060959 0.0 0.0 0.0 1.0  </matrix>
															<node id="id-bone-34" sid="id-skelbones-2-31" name="finger_middle.01.L" type="JOINT">
																<matrix sid="transform"> 0.9998912215232849 0.0029300586320459843 0.014464148320257664 -4.190951585769653e-09 -0.0027163205668330193 0.9998873472213745 -0.014774665236473083 0.02731417492032051 -0.014505804516375065 0.01473375502973795 0.9997861981391907 9.498762665316463e-08 0.0 0.0 0.0 1.0  </matrix>
																<node id="id-bone-35" sid="id-skelbones-2-32" name="finger_middle.02.L" type="JOINT">
																	<matrix sid="transform"> 0.999732494354248 0.015842439606785774 -0.01684863120317459 5.9371814131736755e-09 -0.015556467697024345 0.9997349381446838 0.016970710828900337 0.027234649285674095 0.01711302623152733 -0.01670403964817524 0.9997140765190125 -4.289904609322548e-08 0.0 0.0 0.0 1.0  </matrix>
																</node>
															</node>
														</node>
														<node id="id-bone-36" sid="id-skelbones-2-33" name="palm.03.L" type="JOINT">
															<matrix sid="transform"> 0.9992738962173462 -0.023171035572886467 0.030247513204813004 -0.010189075022935867 0.022489871829748154 0.9994902014732361 0.02266894280910492 0.08133760839700699 -0.030757352709770203 -0.021972326561808586 0.9992853403091431 0.002651601331308484 0.0 0.0 0.0 1.0  </matrix>
															<node id="id-bone-37" sid="id-skelbones-2-34" name="finger_ring.01.L" type="JOINT">
																<matrix sid="transform"> 0.9997340440750122 0.00914742797613144 0.02116996794939041 -9.313225746154785e-10 -0.008689066395163536 0.9997279047966003 -0.021643197163939476 0.024358021095395088 -0.0213621873408556 0.02145344391465187 0.9995415806770325 4.164758138358593e-08 0.0 0.0 0.0 1.0  </matrix>
																<node id="id-bone-38" sid="id-skelbones-2-35" name="finger_ring.02.L" type="JOINT">
																	<matrix sid="transform"> 0.9999622106552124 0.0002704588696360588 -0.008695410564541817 1.1641532182693481e-08 -0.00019528635311871767 0.9999626278877258 0.008644692599773407 0.024803828448057175 0.008697424083948135 -0.008642766624689102 0.9999248385429382 -4.528556019067764e-08 0.0 0.0 0.0 1.0  </matrix>
																</node>
															</node>
														</node>
														<node id="id-bone-39" sid="id-skelbones-2-36" name="palm.04.L" type="JOINT">
															<matrix sid="transform"> 0.9978475570678711 -0.05394849181175232 0.03728220611810684 -0.026686806231737137 0.05338349565863609 0.9984461665153503 0.015988139435648918 0.08108938485383987 -0.03808680176734924 -0.013963485136628151 0.9991768598556519 0.0031699729152023792 0.0 0.0 0.0 1.0  </matrix>
															<node id="id-bone-40" sid="id-skelbones-2-37" name="finger_pinky.01.L" type="JOINT">
																<matrix sid="transform"> 0.9997490644454956 0.022279292345046997 0.00232223654165864 1.862645149230957e-09 -0.02227305993437767 0.9997482299804688 -0.002673675073310733 0.018533533439040184 -0.0023812162689864635 0.0026213363744318485 0.9999938011169434 9.560608305037022e-08 0.0 0.0 0.0 1.0  </matrix>
																<node id="id-bone-41" sid="id-skelbones-2-38" name="finger_pinky.02.L" type="JOINT">
																	<matrix sid="transform"> 0.9999987483024597 0.0016325479373335838 -5.337875336408615e-05 1.1175870895385742e-08 -0.0016325432807207108 0.9999987483024597 3.749477764358744e-05 0.018175188452005386 5.344022065401077e-05 -3.738871600944549e-05 1.0 -4.586763679981232e-08 0.0 0.0 0.0 1.0  </matrix>
																</node>
															</node>
														</node>
														<node id="id-bone-42" sid="id-skelbones-2-39" name="Mount1" type="JOINT">
															<matrix sid="transform"> -0.9991862177848816 -0.010810479521751404 -0.03885762020945549 9.758071973919868e-05 -0.012218240648508072 0.9992708563804626 0.03617575392127037 0.02599106729030609 0.03843820095062256 0.03662109375 -0.9985897541046143 -0.028657786548137665 0.0 0.0 0.0 1.0  </matrix>
														</node>
													</node>
												</node>
											</node>
										</node>
										<node id="id-bone-43" sid="id-skelbones-2-40" name="Shoulder.R" type="JOINT">
											<matrix sid="transform"> -0.4973647892475128 0.8582231402397156 0.1268123835325241 0.031952112913131714 -0.8672866821289062 -0.49542057514190674 -0.0487058162689209 0.04874512180685997 0.021025002002716064 -0.13420724868774414 0.9907302260398865 0.000362271792255342 0.0 0.0 0.0 1.0  </matrix>
											<node id="id-bone-44" sid="id-skelbones-2-41" name="UpperArm.R" type="JOINT">
												<matrix sid="transform"> -0.264315128326416 -0.41023436188697815 -0.8728376030921936 1.6763806343078613e-08 0.3896675705909729 0.7824381589889526 -0.48574671149253845 0.1949695348739624 0.8822115063667297 -0.46850675344467163 -0.04695521295070648 1.3294629752635956e-07 0.0 0.0 0.0 1.0  </matrix>
												<node id="id-bone-45" sid="id-skelbones-2-42" name="ForeArm.R" type="JOINT">
													<matrix sid="transform"> 0.9994917511940002 0.026594389230012894 0.01758364588022232 1.210719347000122e-07 -0.026250528171658516 0.9994650483131409 -0.01950908452272415 0.23714375495910645 -0.01809307187795639 0.019037587568163872 0.9996551275253296 3.4924596548080444e-10 0.0 0.0 0.0 1.0  </matrix>
													<node id="id-bone-46" sid="id-skelbones-2-43" name="Hand.R" type="JOINT">
														<matrix sid="transform"> -0.008871536701917648 0.015284592285752296 0.9998437166213989 6.170012056827545e-08 0.002690779510885477 0.9998795986175537 -0.01526128314435482 0.29990532994270325 -0.9999570250511169 0.0025549684651196003 -0.008911605924367905 -2.561137080192566e-09 0.0 0.0 0.0 1.0  </matrix>
														<node id="id-bone-47" sid="id-skelbones-2-44" name="palm.01.R" type="JOINT">
															<matrix sid="transform"> 0.9994276762008667 0.011735605075955391 -0.0317242257297039 -0.024633318185806274 -0.011064056307077408 0.9997127056121826 0.02126159518957138 0.08166678249835968 0.03196464106440544 -0.02089857868850231 0.9992705583572388 0.0014484657440334558 0.0 0.0 0.0 1.0  </matrix>
															<node id="id-bone-48" sid="id-skelbones-2-45" name="finger_index.01.R" type="JOINT">
																<matrix sid="transform"> 0.9996720552444458 -0.0046241083182394505 -0.02518688142299652 3.2014213502407074e-09 0.003985309973359108 0.9996705651283264 -0.025353746488690376 0.025173526257276535 0.025295820087194443 0.02524506486952305 0.9993612766265869 -3.4800905268639326e-08 0.0 0.0 0.0 1.0  </matrix>
																<node id="id-bone-49" sid="id-skelbones-2-46" name="finger_index.02.R" type="JOINT">
																	<matrix sid="transform"> 0.9995896220207214 0.0178082212805748 0.022440215572714806 5.587935447692871e-09 -0.018308063969016075 0.999584436416626 0.022269366309046745 0.02403678186237812 -0.022034309804439545 -0.022671058773994446 0.9995002150535583 -1.6379635781049728e-07 0.0 0.0 0.0 1.0  </matrix>
																</node>
															</node>
														</node>
														<node id="id-bone-50" sid="id-skelbones-2-47" name="thumb.01.R" type="JOINT">
															<matrix sid="transform"> 0.9139249920845032 -0.3406168520450592 -0.22072917222976685 -0.021757815033197403 0.38331183791160583 0.9031388759613037 0.19342182576656342 0.011534560471773148 0.13346636295318604 -0.26138120889663696 0.955963671207428 -0.012656783685088158 0.0 0.0 0.0 1.0  </matrix>
															<node id="id-bone-51" sid="id-skelbones-2-48" name="thumb.02.R" type="JOINT">
																<matrix sid="transform"> 0.9388900995254517 0.31750017404556274 0.13296203315258026 -5.587935447692871e-09 -0.2924536466598511 0.9395049214363098 -0.17832979559898376 0.05112617462873459 -0.18153820931911469 0.12854695320129395 0.9749459624290466 -1.6577541828155518e-07 0.0 0.0 0.0 1.0  </matrix>
																<node id="id-bone-52" sid="id-skelbones-2-49" name="thumb.03.R" type="JOINT">
																	<matrix sid="transform"> 0.9993380904197693 -0.03573175519704819 0.006821588613092899 3.725290298461914e-09 0.036021098494529724 0.9981741905212402 -0.048485320061445236 0.02454749494791031 -0.0050766607746481895 0.048698920756578445 0.9988005757331848 -6.841264621471055e-08 0.0 0.0 0.0 1.0  </matrix>
																</node>
															</node>
														</node>
														<node id="id-bone-53" sid="id-skelbones-2-50" name="palm.02.R" type="JOINT">
															<matrix sid="transform"> 0.9991158246994019 0.023969344794750214 -0.03454102203249931 -0.007234879303723574 -0.02333952486515045 0.9995559453964233 0.01852332055568695 0.08157433569431305 0.03496968746185303 -0.017700886353850365 0.9992316365242004 0.002033350057899952 0.0 0.0 0.0 1.0  </matrix>
															<node id="id-bone-54" sid="id-skelbones-2-51" name="finger_middle.01.R" type="JOINT">
																<matrix sid="transform"> 0.9998912215232849 -0.0029303357005119324 -0.014464354142546654 3.725290298461914e-09 0.002716591116040945 0.9998872876167297 -0.014774818904697895 0.02731410600244999 0.014506014995276928 0.014733875170350075 0.9997862577438354 -1.4067336451262236e-07 0.0 0.0 0.0 1.0  </matrix>
																<node id="id-bone-55" sid="id-skelbones-2-52" name="finger_middle.02.R" type="JOINT">
																	<matrix sid="transform"> 0.9997324347496033 -0.015842176973819733 0.01684887707233429 5.3551048040390015e-09 0.015556197613477707 0.9997348785400391 0.01697068102657795 0.027234654873609543 -0.01711326651275158 -0.016704099252820015 0.9997140169143677 6.880145519971848e-08 0.0 0.0 0.0 1.0  </matrix>
																</node>
															</node>
														</node>
														<node id="id-bone-56" sid="id-skelbones-2-53" name="palm.03.R" type="JOINT">
															<matrix sid="transform"> 0.9992737174034119 0.023170385509729385 -0.030247364193201065 0.01018906943500042 -0.02248922921717167 0.9994901418685913 0.02266879566013813 0.08133754879236221 0.03075718693435192 -0.0219721719622612 0.9992853999137878 0.0026515552308410406 0.0 0.0 0.0 1.0  </matrix>
															<node id="id-bone-57" sid="id-skelbones-2-54" name="finger_ring.01.R" type="JOINT">
																<matrix sid="transform"> 0.9997340440750122 -0.009146789088845253 -0.021169938147068024 -1.862645149230957e-09 0.008688429370522499 0.9997279644012451 -0.02164306864142418 0.02435806579887867 0.021362140774726868 0.021453384310007095 0.9995415806770325 -4.819594323635101e-08 0.0 0.0 0.0 1.0  </matrix>
																<node id="id-bone-58" sid="id-skelbones-2-55" name="finger_ring.02.R" type="JOINT">
																	<matrix sid="transform"> 0.9999622106552124 -0.00027045898605138063 0.008695410564541817 1.3969838619232178e-09 0.00019528670236468315 0.9999626278877258 0.00864472147077322 0.024803774431347847 -0.008697422221302986 -0.008642766624689102 0.9999250173568726 1.3958197087049484e-07 0.0 0.0 0.0 1.0  </matrix>
																</node>
															</node>
														</node>
														<node id="id-bone-59" sid="id-skelbones-2-56" name="palm.04.R" type="JOINT">
															<matrix sid="transform"> 0.9978474974632263 0.05394779518246651 -0.03728208318352699 0.026686804369091988 -0.05338280275464058 0.9984461665153503 0.015988022089004517 0.08108925819396973 0.038086675107479095 -0.013963484205305576 0.9991767406463623 0.003169924020767212 0.0 0.0 0.0 1.0  </matrix>
															<node id="id-bone-60" sid="id-skelbones-2-57" name="finger_pinky.01.R" type="JOINT">
																<matrix sid="transform"> 0.9997491836547852 -0.022278597578406334 -0.002322196029126644 -3.725290298461914e-09 0.022272372618317604 0.9997483491897583 -0.002673703944310546 0.01853358931839466 0.0023811780847609043 0.0026213359087705612 0.9999938607215881 6.344635039567947e-08 0.0 0.0 0.0 1.0  </matrix>
																<node id="id-bone-61" sid="id-skelbones-2-58" name="finger_pinky.02.R" type="JOINT">
																	<matrix sid="transform"> 0.9999987483024597 -0.0016325535252690315 5.332473665475845e-05 2.7939677238464355e-09 0.0016325488686561584 0.9999986290931702 3.74917290173471e-05 0.018175244331359863 -5.338294431567192e-05 -3.735874634003267e-05 1.0 4.528556019067764e-08 0.0 0.0 0.0 1.0  </matrix>
																</node>
															</node>
														</node>
														<node id="id-bone-62" sid="id-skelbones-2-59" name="Mount0" type="JOINT">
															<matrix sid="transform"> 0.999501645565033 0.010810483247041702 -0.029658645391464233 -4.568835720419884e-05 -0.011884739622473717 0.9992706775665283 -0.03628676012158394 0.02068505808711052 0.029244745150208473 0.03662109375 0.9989012479782104 -0.03208918124437332 0.0 0.0 0.0 1.0  </matrix>
														</node>
													</node>
												</node>
											</node>
										</node>
										<node id="id-bone-63" sid="id-skelbones-2-60" name="Weapon" type="JOINT">
											<matrix sid="transform"> -1.0 2.9304882964709122e-09 -1.509959588474885e-07 2.2426505097428162e-14 2.947709409895083e-09 0.9999996423721313 -0.00011395848559914157 0.04844004660844803 1.5099561778697534e-07 -0.0001139584492193535 -1.0 1.1758534412820154e-07 0.0 0.0 0.0 1.0  </matrix>
											<node id="id-bone-64" sid="id-skelbones-2-61" name="Weapon_Eye_Node" type="JOINT">
												<matrix sid="transform"> 1.0 -8.506065296565168e-11 4.872093128938104e-08 9.553788871130564e-10 1.9196635947515972e-10 0.9999974966049194 -0.0021939731668680906 0.11311020702123642 -4.87206364141457e-08 0.0021939731668680906 0.999997615814209 -0.044460903853178024 0.0 0.0 0.0 1.0  </matrix>
											</node>
										</node>
									</node>
									<node id="id-bone-65" sid="id-skelbones-2-62" name="Mount2" type="JOINT">
										<matrix sid="transform"> 1.0 -4.093125838267042e-08 9.568668701831484e-08 6.415653786007169e-09 8.502584591951745e-08 -0.20888632535934448 -0.9779399633407593 0.1908763349056244 6.001592112170329e-08 0.977940022945404 -0.2088865041732788 -0.1511368602514267 0.0 0.0 0.0 1.0  </matrix>
									</node>
								</node>
							</node>
						</node>
						<node id="id-bone-66" sid="id-skelbones-2-63" name="Thigh.L" type="JOINT">
							<matrix sid="transform"> 0.9998224973678589 0.02295653708279133 -0.0008629495278000832 0.09474640339612961 0.022932996973395348 -0.9994781613349915 -0.022750286385416985 0.040644098073244095 -0.0015564225614070892 0.02272646129131317 -0.9998258352279663 0.006293162237852812 0.0 0.0 0.0 1.0  </matrix>
							<node id="id-bone-67" sid="id-skelbones-2-64" name="Shin.L" type="JOINT">
								<matrix sid="transform"> 0.9999061822891235 -0.012872562743723392 0.004640928003937006 -5.0367816584184766e-09 0.013417757116258144 0.9888953566551208 -0.1480061262845993 0.41849443316459656 -0.0026841743383556604 0.14805454015731812 0.9889755249023438 -2.1827872842550278e-11 0.0 0.0 0.0 1.0  </matrix>
								<node id="id-bone-68" sid="id-skelbones-2-65" name="foot.L" type="JOINT">
									<matrix sid="transform"> 0.9999859929084778 0.0010575492633506656 -0.005185531452298164 9.74978320300579e-10 0.00503587769344449 0.11113794147968292 0.9937924146652222 0.48399993777275085 0.0016272934153676033 -0.9938045740127563 0.11113105714321136 -3.7580321077257395e-09 0.0 0.0 0.0 1.0  </matrix>
									<node id="id-bone-69" sid="id-skelbones-2-66" name="Toe.L" type="JOINT">
										<matrix sid="transform"> -0.9999882578849792 -0.0008392583695240319 0.004790838807821274 3.408786142244935e-09 -0.0019769780337810516 0.9700967073440552 -0.2427118867635727 0.12671701610088348 -0.004443877376616001 -0.24271859228610992 -0.9700866937637329 3.8708094507455826e-09 0.0 0.0 0.0 1.0  </matrix>
									</node>
								</node>
							</node>
						</node>
						<node id="id-bone-70" sid="id-skelbones-2-67" name="Thigh.R" type="JOINT">
							<matrix sid="transform"> 0.9998223781585693 -0.02295653335750103 0.0008630100637674332 -0.09474640339612961 -0.0229329951107502 -0.9994781613349915 -0.022750288248062134 0.040644098073244095 0.0015561849577352405 0.022726457566022873 -0.9998257160186768 0.006293150596320629 0.0 0.0 0.0 1.0  </matrix>
							<node id="id-bone-71" sid="id-skelbones-2-68" name="Shin.R" type="JOINT">
								<matrix sid="transform"> 0.9999061822891235 0.012872564606368542 -0.004640890285372734 7.246853783726692e-09 -0.013417753390967846 0.9888953566551208 -0.1480061411857605 0.4184943735599518 0.0026841366197913885 0.1480545550584793 0.9889755249023438 2.1609594114124775e-09 0.0 0.0 0.0 1.0  </matrix>
								<node id="id-bone-72" sid="id-skelbones-2-69" name="foot.R" type="JOINT">
									<matrix sid="transform"> 0.9999859929084778 -0.0010575134074315429 0.005185556598007679 1.8917489796876907e-10 -0.005035906098783016 0.11113794147968292 0.9937924146652222 0.48399993777275085 -0.0016272603534162045 -0.9938045144081116 0.11113105714321136 -5.04405761603266e-09 0.0 0.0 0.0 1.0  </matrix>
									<node id="id-bone-73" sid="id-skelbones-2-70" name="Toe.R" type="JOINT">
										<matrix sid="transform"> -0.9999882578849792 0.000839205808006227 -0.004790831357240677 5.966285243630409e-10 0.001976925414055586 0.9700966477394104 -0.24271181225776672 0.12671701610088348 0.004443884361535311 -0.24271850287914276 -0.9700865745544434 -3.026798367500305e-09 0.0 0.0 0.0 1.0  </matrix>
									</node>
								</node>
							</node>
						</node>
					</node>
				</node>
			</node>
		</node>
	</visual_scene>
</library_visual_scenes>
<library_animations>
	<animation id="id-anim-74">
		<source id="id-anim-74-input">
			<float_array id="id-anim-74-input-array" count="11"> 0.0 0.041666666666666664 0.08333333333333333 0.125 0.16666666666666666 0.20833333333333331 0.25 0.29166666666666663 0.3333333333333333 0.375 0.41666666666666663</float_array>
			<technique_common>
				<accessor source="#id-anim-74-input-array" count="11" stride="1">
					<param name="TIME" type="float"/>
				</accessor>
			</technique_common>
		</source>
		<source id="id-anim-74-transform-output">
			<float_array id="id-anim-74-transform-output-array" count="176">  0.006659805774688721 -0.9993447661399841 0.035577595233917236 -0.2897742688655853 0.8396360874176025 -0.013734940439462662 -0.5429758429527283 -0.023279957473278046 0.5431087017059326 0.03348837047815323 0.8389943242073059 -0.17232519388198853 0.0 0.0 0.0 1.0    0.006659805774688721 -0.9993447661399841 0.035577595233917236 -0.2897742688655853 0.8396360874176025 -0.013734940439462662 -0.5429758429527283 -0.023279957473278046 0.5431087017059326 0.03348837047815323 0.8389943242073059 -0.17232519388198853 0.0 0.0 0.0 1.0    0.006659805774688721 -0.9993447661399841 0.035577595233917236 -0.2897742688655853 0.8396360874176025 -0.013734940439462662 -0.5429758429527283 -0.023279957473278046 0.5431087017059326 0.03348837047815323 0.8389943242073059 -0.17232519388198853 0.0 0.0 0.0 1.0    0.006659805774688721 -0.9993447661399841 0.035577595233917236 -0.2897742688655853 0.8396360874176025 -0.013734940439462662 -0.5429758429527283 -0.023279957473278046 0.5431087017059326 0.03348837047815323 0.8389943242073059 -0.17232519388198853 0.0 0.0 0.0 1.0    0.006659805774688721 -0.9993447661399841 0.035577595233917236 -0.2897742688655853 0.8396360874176025 -0.013734940439462662 -0.5429758429527283 -0.023279957473278046 0.5431087017059326 0.03348837047815323 0.8389943242073059 -0.17232519388198853 0.0 0.0 0.0 1.0    0.006659805774688721 -0.9993447661399841 0.035577595233917236 -0.2897742688655853 0.8396360874176025 -0.013734940439462662 -0.5429758429527283 -0.023279957473278046 0.5431087017059326 0.03348837047815323 0.8389943242073059 -0.17232519388198853 0.0 0.0 0.0 1.0    0.006659805774688721 -0.9993447661399841 0.035577595233917236 -0.2897742688655853 0.8396360874176025 -0.013734940439462662 -0.5429758429527283 -0.023279957473278046 0.5431087017059326 0.03348837047815323 0.8389943242073059 -0.17232519388198853 0.0 0.0 0.0 1.0    0.006659805774688721 -0.9993447661399841 0.035577595233917236 -0.2897742688655853 0.8396360874176025 -0.013734940439462662 -0.5429758429527283 -0.023279957473278046 0.5431087017059326 0.03348837047815323 0.8389943242073059 -0.17232519388198853 0.0 0.0 0.0 1.0    0.006659805774688721 -0.9993447661399841 0.035577595233917236 -0.2897742688655853 0.8396360874176025 -0.013734940439462662 -0.5429758429527283 -0.023279957473278046 0.5431087017059326 0.03348837047815323 0.8389943242073059 -0.17232519388198853 0.0 0.0 0.0 1.0    0.006659805774688721 -0.9993447661399841 0.035577595233917236 -0.2897742688655853 0.8396360874176025 -0.013734940439462662 -0.5429758429527283 -0.023279957473278046 0.5431087017059326 0.03348837047815323 0.8389943242073059 -0.17232519388198853 0.0 0.0 0.0 1.0    0.006659805774688721 -0.9993447661399841 0.035577595233917236 -0.2897742688655853 0.8396360874176025 -0.013734940439462662 -0.5429758429527283 -0.023279957473278046 0.5431087017059326 0.03348837047815323 0.8389943242073059 -0.17232519388198853 0.0 0.0 0.0 1.0  </float_array>
			<technique_common>
				<accessor source="#id-anim-74-transform-output-array" count="11" stride="16">
					<param name="TRANSFORM" type="float4x4"/>
				</accessor>
			</technique_common>
		</source>
		<source id="id-anim-74-interpolation-output">
			<Name_array id="id-anim-74-interpolation-output-array" count="11"> LINEAR LINEAR LINEAR LINEAR LINEAR LINEAR LINEAR LINEAR LINEAR LINEAR LINEAR</Name_array>
			<technique_common>
				<accessor source="#id-anim-74-interpolation-output-array" count="11" stride="1">
					<param name="INTERPOLATION" type="Name"/>
				</accessor>
			</technique_common>
		</source>
		<sampler id="id-anim-74-sampler">
			<input semantic="INPUT" source="#id-anim-74-input"/>
			<input semantic="OUTPUT" source="#id-anim-74-transform-output"/>
			<input semantic="INTERPOLATION" source="#id-anim-74-interpolation-output"/>
		</sampler>
		<channel source="#id-anim-74-sampler" target="id-bone-5/transform"/>
	</animation>
	<animation id="id-anim-75">
		<source id="id-anim-75-input">
			<float_array id="id-anim-75-input-array" count="11"> 0.0 0.041666666666666664 0.08333333333333333 0.125 0.16666666666666666 0.20833333333333331 0.25 0.29166666666666663 0.3333333333333333 0.375 0.41666666666666663</float_array>
			<technique_common>
				<accessor source="#id-anim-75-input-array" count="11" stride="1">
					<param name="TIME" type="float"/>
				</accessor>
			</technique_common>
		</source>
		<source id="id-anim-75-transform-output">
			<float_array id="id-anim-75-transform-output-array" count="176">  1.0 1.336054680223242e-07 2.2242298314267828e-07 0.0 9.959029512174311e-08 0.5939311981201172 -0.8045157194137573 0.11921823024749756 -2.395916851583024e-07 0.8045157194137573 0.5939313173294067 3.7252898543727042e-09 0.0 0.0 0.0 1.0    1.0 1.336054680223242e-07 2.2242298314267828e-07 0.0 9.959029512174311e-08 0.5939311981201172 -0.8045157194137573 0.11921823024749756 -2.395916851583024e-07 0.8045157194137573 0.5939313173294067 3.7252898543727042e-09 0.0 0.0 0.0 1.0    1.0 1.336054680223242e-07 2.2242298314267828e-07 0.0 9.959029512174311e-08 0.5939311981201172 -0.8045157194137573 0.11921823024749756 -2.395916851583024e-07 0.8045157194137573 0.5939313173294067 3.7252898543727042e-09 0.0 0.0 0.0 1.0    1.0 1.336054680223242e-07 2.2242298314267828e-07 0.0 9.959029512174311e-08 0.5939311981201172 -0.8045157194137573 0.11921823024749756 -2.395916851583024e-07 0.8045157194137573 0.5939313173294067 3.7252898543727042e-09 0.0 0.0 0.0 1.0    1.0 1.336054680223242e-07 2.2242298314267828e-07 0.0 9.959029512174311e-08 0.5939311981201172 -0.8045157194137573 0.11921823024749756 -2.395916851583024e-07 0.8045157194137573 0.5939313173294067 3.7252898543727042e-09 0.0 0.0 0.0 1.0    1.0 1.336054680223242e-07 2.2242298314267828e-07 0.0 9.959029512174311e-08 0.5939311981201172 -0.8045157194137573 0.11921823024749756 -2.395916851583024e-07 0.8045157194137573 0.5939313173294067 3.7252898543727042e-09 0.0 0.0 0.0 1.0    1.0 1.336054680223242e-07 2.2242298314267828e-07 0.0 9.959029512174311e-08 0.5939311981201172 -0.8045157194137573 0.11921823024749756 -2.395916851583024e-07 0.8045157194137573 0.5939313173294067 3.7252898543727042e-09 0.0 0.0 0.0 1.0    1.0 1.336054680223242e-07 2.2242298314267828e-07 0.0 9.959029512174311e-08 0.5939311981201172 -0.8045157194137573 0.11921823024749756 -2.395916851583024e-07 0.8045157194137573 0.5939313173294067 3.7252898543727042e-09 0.0 0.0 0.0 1.0    1.0 1.336054680223242e-07 2.2242298314267828e-07 0.0 9.959029512174311e-08 0.5939311981201172 -0.8045157194137573 0.11921823024749756 -2.395916851583024e-07 0.8045157194137573 0.5939313173294067 3.7252898543727042e-09 0.0 0.0 0.0 1.0    1.0 1.336054680223242e-07 2.2242298314267828e-07 0.0 9.959029512174311e-08 0.5939311981201172 -0.8045157194137573 0.11921823024749756 -2.395916851583024e-07 0.8045157194137573 0.5939313173294067 3.7252898543727042e-09 0.0 0.0 0.0 1.0    1.0 1.336054680223242e-07 2.2242298314267828e-07 0.0 9.959029512174311e-08 0.5939311981201172 -0.8045157194137573 0.11921823024749756 -2.395916851583024e-07 0.8045157194137573 0.5939313173294067 3.7252898543727042e-09 0.0 0.0 0.0 1.0  </float_array>
			<technique_common>
				<accessor source="#id-anim-75-transform-output-array" count="11" stride="16">
					<param name="TRANSFORM" type="float4x4"/>
				</accessor>
			</technique_common>
		</source>
		<source id="id-anim-75-interpolation-output">
			<Name_array id="id-anim-75-interpolation-output-array" count="11"> LINEAR LINEAR LINEAR LINEAR LINEAR LINEAR LINEAR LINEAR LINEAR LINEAR LINEAR</Name_array>
			<technique_common>
				<accessor source="#id-anim-75-interpolation-output-array" count="11" stride="1">
					<param name="INTERPOLATION" type="Name"/>
				</accessor>
			</technique_common>
		</source>
		<sampler id="id-anim-75-sampler">
			<input semantic="INPUT" source="#id-anim-75-input"/>
			<input semantic="OUTPUT" source="#id-anim-75-transform-output"/>
			<input semantic="INTERPOLATION" source="#id-anim-75-interpolation-output"/>
		</sampler>
		<channel source="#id-anim-75-sampler" target="id-bone-18/transform"/>
	</animation>
	<animation id="id-anim-76">
		<source id="id-anim-76-input">
			<float_array id="id-anim-76-input-array" count="11"> 0.0 0.041666666666666664 0.08333333333333333 0.125 0.16666666666666666 0.20833333333333331 0.25 0.29166666666666663 0.3333333333333333 0.375 0.41666666666666663</float_array>
			<technique_common>
				<accessor source="#id-anim-76-input-array" count="11" stride="1">
					<param name="TIME" type="float"/>
				</accessor>
			</technique_common>
		</source>
		<source id="id-anim-76-transform-output">
